0 0.689190 0.604102 0.173704 0.317969
0 0.188924 0.558086 0.095208 0.311563
5 0.086534 0.465752 0.079479 0.145332
5 0.086534 0.621924 0.079479 0.145332
4 0.679126 0.186299 0.085938 0.304355
5 0.085723 0.306826 0.079479 0.145332
5 0.084913 0.775342 0.079479 0.145332
5 0.544369 0.312334 0.079479 0.145332
5 0.544369 0.468486 0.079479 0.145332
5 0.544369 0.624658 0.079479 0.145332
4 0.214792 0.841104 0.085949 0.139121
4 0.682373 0.893154 0.085949 0.139121
4 0.214792 0.167119 0.085949 0.304355
5 0.429931 0.750645 0.068148 0.112383
5 0.901551 0.915039 0.105463 0.167188
5 0.544369 0.780830 0.079479 0.145332
