0 0.189491 0.565547 0.096111 0.318047
0 0.690457 0.596943 0.171632 0.318066
5 0.432361 0.754766 0.076250 0.117813
4 0.211545 0.172607 0.085938 0.304355
4 0.675880 0.186299 0.085949 0.304355
4 0.215608 0.841104 0.071331 0.139121
4 0.683993 0.893154 0.085949 0.139121
5 0.083281 0.315068 0.079479 0.145332
5 0.906418 0.908193 0.102211 0.175410
5 0.084913 0.473975 0.079479 0.145332
5 0.084913 0.630146 0.079479 0.145332
5 0.088154 0.786299 0.079479 0.145332
5 0.542749 0.312334 0.079479 0.145332
5 0.544369 0.468486 0.079479 0.145332
5 0.545995 0.624658 0.079491 0.145332
5 0.545995 0.778076 0.079491 0.145332
