8 0.525687 0.307840 0.097250 0.037976
8 0.778687 0.308408 0.097250 0.037976
8 0.780203 0.129450 0.097250 0.037976
8 0.652562 0.128302 0.097250 0.037976
8 0.529047 0.127947 0.097250 0.037976
8 0.807820 0.792941 0.322141 0.192438
4 0.596461 0.928089 0.101891 0.076604
4 0.599477 0.552521 0.101891 0.170225
0 0.559758 0.767349 0.132328 0.176828
1 0.476750 0.367231 0.109094 0.073373
1 0.728750 0.367556 0.109094 0.073385
1 0.602547 0.367533 0.109594 0.075586
1 0.728484 0.185976 0.109094 0.073373
1 0.602297 0.186740 0.109094 0.073385
1 0.477172 0.188284 0.109094 0.073373
3 0.225687 0.642716 0.216437 0.236462
8 0.654844 0.307840 0.097250 0.037976
