1 0.827844 0.593615 0.057719 0.040462
0 0.246664 0.203799 0.097922 0.092521
0 0.756453 0.129976 0.066656 0.092521
0 0.266094 0.676367 0.107187 0.099574
1 0.693094 0.245385 0.054688 0.031337
1 0.773781 0.245254 0.057438 0.033988
1 0.857523 0.246314 0.060891 0.031870
1 0.774063 0.321964 0.057188 0.033941
1 0.248570 0.399314 0.058172 0.036639
1 0.690672 0.593615 0.057719 0.040462
1 0.758719 0.593988 0.057719 0.040450
1 0.828078 0.500698 0.059156 0.040450
1 0.758984 0.499959 0.059219 0.040462
1 0.689320 0.499781 0.060109 0.043041
2 0.934953 0.054012 0.113062 0.107811
0 0.755477 0.830036 0.120609 0.101349
3 0.880852 0.720219 0.131109 0.133290
3 0.387969 0.328041 0.090312 0.058331
3 0.389094 0.071633 0.113062 0.121822
4 0.772437 0.428574 0.068781 0.041763
5 0.852242 0.423432 0.072703 0.048994
4 0.756172 0.717148 0.047344 0.093515
4 0.266117 0.762278 0.088828 0.049172
4 0.264602 0.583746 0.085797 0.049858
4 0.266797 0.974763 0.070781 0.049882
4 0.244117 0.119030 0.082391 0.046107
4 0.245562 0.280497 0.072625 0.045396
4 0.756227 0.913249 0.049422 0.037645
4 0.758492 0.975071 0.084578 0.049858
8 0.373758 0.230663 0.154234 0.099550
8 0.872992 0.142231 0.154234 0.099538
8 0.400977 0.707243 0.160234 0.105278
8 0.866828 0.903864 0.166969 0.099491
8 0.355719 0.401077 0.157375 0.048734
8 0.810047 0.295509 0.073031 0.023183
8 0.892219 0.220361 0.080562 0.023183
8 0.724016 0.218361 0.073031 0.023183
8 0.810187 0.218698 0.073031 0.023195
8 0.861078 0.561728 0.073031 0.023195
8 0.783859 0.561148 0.064156 0.023195
8 0.714625 0.561533 0.055438 0.023183
8 0.714641 0.469314 0.057594 0.019243
8 0.780828 0.469669 0.057594 0.019243
8 0.852938 0.470000 0.057594 0.019243
