3 0.224203 0.640391 0.213469 0.236379
8 0.779016 0.309059 0.102281 0.038947
1 0.602969 0.367278 0.109094 0.073373
1 0.731219 0.368426 0.109094 0.073373
1 0.483039 0.366509 0.109109 0.073373
1 0.603344 0.188107 0.109094 0.073373
1 0.729531 0.187467 0.109094 0.073373
1 0.477156 0.187467 0.109094 0.073373
4 0.596461 0.923515 0.101891 0.072024
4 0.593445 0.551396 0.101891 0.167976
8 0.651781 0.127805 0.102281 0.038947
8 0.527047 0.130680 0.102281 0.038947
8 0.530219 0.308112 0.102281 0.038947
8 0.653672 0.308112 0.102281 0.038947
0 0.566648 0.769864 0.118734 0.173408
8 0.801984 0.793456 0.305719 0.201018
8 0.780297 0.129249 0.102281 0.038947
