3 0.770961 0.431237 0.066828 0.038592
3 0.880680 0.720373 0.123641 0.128722
3 0.265391 0.583373 0.079219 0.046036
3 0.265547 0.764154 0.079219 0.046036
3 0.265484 0.976178 0.079219 0.046036
3 0.754750 0.976178 0.079219 0.046036
3 0.755125 0.715858 0.043500 0.090414
3 0.755781 0.912828 0.043500 0.041325
3 0.387508 0.329213 0.089047 0.054473
3 0.246219 0.281586 0.079219 0.046036
3 0.246219 0.119314 0.079219 0.046036
3 0.389320 0.072024 0.111984 0.114414
3 0.853297 0.422947 0.069344 0.048497
0 0.759281 0.828698 0.108000 0.089822
0 0.266992 0.676811 0.096953 0.090639
0 0.755836 0.130337 0.056672 0.076556
0 0.246047 0.203095 0.093531 0.082450
1 0.690984 0.500178 0.056469 0.034201
1 0.828094 0.500781 0.055625 0.034201
1 0.759938 0.500178 0.055625 0.034201
1 0.691375 0.593278 0.055625 0.034201
1 0.828094 0.593550 0.055625 0.034201
1 0.760313 0.593432 0.055625 0.034911
1 0.248289 0.398568 0.050828 0.031740
1 0.775461 0.321249 0.050828 0.029621
1 0.857195 0.244793 0.050828 0.029609
1 0.775414 0.245692 0.050828 0.029609
1 0.695664 0.244793 0.050828 0.029231
2 0.933984 0.053136 0.109844 0.104852
