6 0.707320 0.405960 0.045841 0.086964
6 0.319014 0.584453 0.045865 0.086987
0 0.245673 0.278493 0.035577 0.057790
0 0.767885 0.278493 0.042500 0.055960
6 0.839123 0.581875 0.045841 0.086964
6 0.772825 0.580145 0.045841 0.086987
6 0.188137 0.494688 0.045841 0.086964
6 0.254315 0.493304 0.045841 0.086964
6 0.319748 0.494688 0.045841 0.086964
6 0.189615 0.584453 0.045865 0.086987
6 0.255060 0.584453 0.045841 0.086987
6 0.188137 0.405603 0.045841 0.086964
5 0.946851 0.395402 0.058750 0.055937
5 0.429038 0.396585 0.058750 0.055938
6 0.707752 0.583013 0.045841 0.086964
6 0.254315 0.404911 0.045841 0.086964
6 0.319014 0.404911 0.045865 0.086964
6 0.837272 0.493828 0.045841 0.086987
6 0.774050 0.492098 0.045841 0.086964
6 0.708377 0.494397 0.045841 0.086964
6 0.836647 0.404062 0.045841 0.086964
6 0.772825 0.404062 0.045841 0.086964
