1 0.461594 0.429052 0.029812 0.081187
1 0.843422 0.588146 0.029813 0.076000
1 0.886078 0.588521 0.029813 0.081167
1 0.801656 0.508542 0.029813 0.077083
1 0.885180 0.427063 0.029797 0.081167
1 0.841922 0.424875 0.029813 0.081167
1 0.800750 0.425677 0.029812 0.081187
1 0.547484 0.591656 0.030906 0.081188
1 0.504102 0.589438 0.029797 0.081167
1 0.462414 0.590729 0.029797 0.081167
1 0.548102 0.509875 0.029797 0.077750
1 0.504852 0.509437 0.029797 0.074875
1 0.546609 0.427063 0.029812 0.081167
1 0.506336 0.428063 0.029797 0.081167
1 0.799703 0.588917 0.029813 0.081167
1 0.885930 0.508437 0.029797 0.076875
1 0.461594 0.510448 0.029812 0.074938
1 0.843422 0.508604 0.029813 0.081167
6 0.171609 0.635167 0.172594 0.219542
5 0.061406 0.576719 0.047688 0.068729
5 0.622133 0.420219 0.047672 0.068729
5 0.957727 0.420219 0.047672 0.068729
6 0.384688 0.886354 0.073125 0.188958
1 0.504422 0.922656 0.029812 0.081188
1 0.842375 0.922656 0.029812 0.081188
6 0.724641 0.890750 0.073125 0.188958
6 0.248922 0.376604 0.124656 0.099708
0 0.840305 0.306917 0.024766 0.046250
0 0.500414 0.309552 0.026766 0.051521
