8 0.389413 0.498875 0.160679 0.177312
1 0.683136 0.129203 0.051638 0.064969
1 0.285873 0.752188 0.051638 0.064969
4 0.279838 0.275289 0.039483 0.161828
4 0.281730 0.611398 0.039494 0.064953
4 0.759763 0.614141 0.039483 0.064969
4 0.759763 0.274625 0.039483 0.157688
0 0.744644 0.474414 0.056422 0.156297
0 0.266616 0.474414 0.056422 0.156297
2 0.900943 0.230039 0.106282 0.216891
2 0.420706 0.231945 0.106282 0.216891
8 0.860797 0.500938 0.147888 0.185562
4 0.761654 0.926469 0.064472 0.078219
4 0.281730 0.929203 0.064472 0.078219
6 0.550038 0.833312 0.050119 0.231219
1 0.763173 0.129203 0.051627 0.064969
