4 0.758200 0.264737 0.039483 0.159079
8 0.855625 0.493586 0.147241 0.200000
8 0.374036 0.489457 0.137791 0.191743
4 0.278297 0.260074 0.039483 0.169490
4 0.758858 0.945370 0.064461 0.082319
1 0.762694 0.757911 0.051638 0.068388
1 0.283432 0.756497 0.051627 0.068388
0 0.741390 0.468931 0.056422 0.164539
0 0.263922 0.468931 0.056422 0.164539
2 0.897559 0.208660 0.106282 0.228306
2 0.418292 0.208660 0.106282 0.228306
4 0.279591 0.942632 0.064461 0.082336
4 0.278297 0.614737 0.039483 0.068388
4 0.757915 0.613100 0.039494 0.068372
