2 0.162004 0.299242 0.045023 0.125391
8 0.951680 0.455133 0.062641 0.105609
8 0.748055 0.455133 0.062641 0.105609
8 0.547023 0.453414 0.062641 0.105609
8 0.345125 0.451680 0.062641 0.105609
8 0.144953 0.449961 0.062641 0.105609
4 0.103555 0.705672 0.027453 0.044250
4 0.305211 0.705188 0.027453 0.044250
6 0.216188 0.655641 0.021172 0.133156
6 0.418320 0.657016 0.021172 0.133156
4 0.102922 0.523680 0.016328 0.035453
4 0.102203 0.326109 0.016328 0.090656
4 0.304594 0.324391 0.016328 0.094094
4 0.304594 0.520797 0.016328 0.035469
4 0.910266 0.704469 0.027453 0.044250
4 0.708109 0.704469 0.027453 0.044250
4 0.506687 0.703203 0.027453 0.044250
4 0.909891 0.523711 0.016328 0.035453
4 0.909719 0.326422 0.016328 0.087219
4 0.708047 0.326422 0.016328 0.087219
4 0.708047 0.522766 0.016328 0.035469
4 0.506977 0.521562 0.016328 0.035469
4 0.506375 0.330719 0.016328 0.078625
0 0.096859 0.440531 0.022844 0.091969
0 0.298316 0.440531 0.022836 0.091969
0 0.500066 0.441109 0.022836 0.091969
0 0.701703 0.441641 0.022844 0.091969
0 0.903770 0.440367 0.022836 0.091984
1 0.104457 0.609914 0.021180 0.037797
1 0.306125 0.231055 0.021172 0.037797
1 0.508520 0.232492 0.021180 0.037797
1 0.709469 0.601273 0.021172 0.037797
1 0.911043 0.602422 0.021180 0.037781
2 0.969371 0.299258 0.045023 0.125391
2 0.767121 0.299352 0.045023 0.125391
2 0.565594 0.299727 0.045031 0.125391
2 0.363410 0.300344 0.045023 0.125406
