2 0.969918 0.289586 0.045023 0.109035
2 0.566824 0.287860 0.045023 0.109035
2 0.365277 0.287860 0.045023 0.109035
2 0.162746 0.287860 0.045023 0.109035
0 0.905187 0.411841 0.022844 0.079986
0 0.703359 0.411841 0.022844 0.079986
0 0.501859 0.412418 0.022844 0.079973
0 0.300359 0.411270 0.022844 0.079986
0 0.098859 0.411270 0.022844 0.079986
8 0.952000 0.424056 0.062641 0.091834
8 0.750453 0.424056 0.062641 0.091834
8 0.549891 0.422337 0.062641 0.091821
8 0.346367 0.422337 0.062641 0.091821
8 0.145812 0.424056 0.062641 0.091834
1 0.912848 0.551773 0.021180 0.032867
1 0.711465 0.552323 0.021180 0.032853
1 0.509770 0.551773 0.021180 0.032867
1 0.307754 0.552269 0.021180 0.032853
4 0.911727 0.482187 0.016328 0.030842
4 0.911453 0.312188 0.016328 0.075462
4 0.709930 0.482242 0.016328 0.030842
4 0.709656 0.311916 0.016328 0.078995
4 0.508102 0.482731 0.016328 0.030842
4 0.508102 0.312724 0.016328 0.075448
4 0.306266 0.483207 0.016328 0.030842
4 0.306820 0.312724 0.016328 0.075448
4 0.104438 0.483682 0.016328 0.030842
4 0.104438 0.310958 0.016328 0.078981
4 0.911375 0.642147 0.027453 0.038478
4 0.709820 0.642147 0.027453 0.038478
4 0.508266 0.640707 0.027453 0.038478
4 0.105484 0.641563 0.027453 0.038478
4 0.306508 0.641359 0.027453 0.038478
1 0.105738 0.551773 0.021180 0.032867
2 0.768371 0.287860 0.045023 0.109035
