5 0.707989 0.616850 0.044929 0.073043
8 0.584224 0.497418 0.098690 0.140362
8 0.914395 0.489688 0.098690 0.140362
8 0.251996 0.781793 0.098690 0.140362
3 0.290968 0.276077 0.073690 0.167385
1 0.189063 0.265444 0.033770 0.046875
1 0.223856 0.265493 0.033942 0.046875
1 0.153871 0.378618 0.034597 0.046875
1 0.188831 0.378651 0.033831 0.046875
1 0.223942 0.378816 0.034778 0.046875
1 0.481784 0.628224 0.033407 0.046875
1 0.523226 0.628257 0.034798 0.046875
6 0.186935 0.881990 0.044234 0.058388
6 0.847530 0.882031 0.044234 0.058372
6 0.521129 0.881990 0.044234 0.058388
2 0.951467 0.275888 0.072853 0.165921
2 0.624662 0.276579 0.072853 0.165921
1 0.523095 0.748207 0.035262 0.046875
1 0.481734 0.747253 0.033548 0.046875
1 0.564869 0.628454 0.034375 0.046875
0 0.523745 0.399860 0.065615 0.129885
0 0.188947 0.684465 0.065615 0.129885
0 0.850877 0.386291 0.066452 0.129885
1 0.153992 0.265214 0.033548 0.046875
1 0.808775 0.730164 0.034264 0.046875
1 0.891991 0.730164 0.034768 0.046875
1 0.850307 0.729507 0.034062 0.046875
1 0.892213 0.617138 0.035131 0.046875
1 0.850272 0.616546 0.033810 0.046875
1 0.808458 0.617188 0.033548 0.046875
1 0.564884 0.747253 0.034950 0.046875
4 0.519778 0.246053 0.027782 0.119737
4 0.519682 0.509482 0.027772 0.050970
4 0.847994 0.239243 0.027782 0.111053
4 0.847697 0.497656 0.027772 0.050970
4 0.186694 0.527344 0.027782 0.128372
4 0.185817 0.794350 0.027782 0.050970
5 0.380958 0.389786 0.044940 0.073059
5 0.381205 0.469276 0.044929 0.072434
5 0.381290 0.548783 0.044940 0.073059
5 0.381038 0.628594 0.044940 0.073043
5 0.708317 0.377944 0.044940 0.073059
5 0.708508 0.457237 0.043871 0.073059
5 0.708407 0.537533 0.044940 0.071974
