1 0.702154 0.357233 0.012692 0.015849
1 0.683058 0.357270 0.012683 0.015019
1 0.665908 0.357635 0.012183 0.014792
1 0.567533 0.396365 0.012267 0.015321
1 0.586717 0.357434 0.012400 0.015195
1 0.567633 0.357509 0.011900 0.015597
1 0.549308 0.357384 0.012450 0.015597
1 0.452588 0.396314 0.012158 0.015597
1 0.471625 0.357434 0.012083 0.015597
1 0.452321 0.357472 0.012192 0.015597
1 0.433954 0.357648 0.012692 0.015597
1 0.337071 0.396101 0.012692 0.015597
1 0.353908 0.357484 0.012683 0.015597
8 0.909871 0.236057 0.012658 0.009975
8 0.924121 0.236057 0.012658 0.009975
8 0.923537 0.275050 0.012658 0.009975
8 0.909621 0.275176 0.012658 0.009975
8 0.895454 0.275050 0.012658 0.009975
8 0.926408 0.421686 0.036017 0.044931
8 0.806342 0.382704 0.016983 0.009962
8 0.823592 0.343704 0.016983 0.009975
8 0.805625 0.344214 0.015250 0.009962
8 0.788250 0.343830 0.016000 0.009975
8 0.595808 0.344459 0.016983 0.009975
8 0.576367 0.344459 0.016983 0.009975
8 0.460233 0.344195 0.016983 0.009975
8 0.441950 0.343981 0.016983 0.009975
8 0.361792 0.344421 0.016983 0.009975
8 0.344946 0.344786 0.015392 0.009975
5 0.816288 0.448491 0.015925 0.024252
4 0.903025 0.340069 0.009617 0.037396
4 0.451654 0.452390 0.016625 0.019245
4 0.336358 0.452616 0.016617 0.019245
5 0.355204 0.448126 0.015925 0.024252
5 0.470696 0.448289 0.015925 0.024252
5 0.585913 0.447862 0.015925 0.024252
5 0.701021 0.447925 0.015925 0.024252
1 0.336908 0.357465 0.012317 0.015635
8 0.326633 0.344786 0.016983 0.009975
7 0.158000 0.433346 0.243000 0.548302
8 0.557217 0.343805 0.016983 0.009975
8 0.576133 0.383031 0.016983 0.009962
8 0.460525 0.383755 0.016983 0.009975
8 0.479825 0.344409 0.016983 0.009975
1 0.318250 0.357799 0.012000 0.015220
0 0.904167 0.389912 0.023500 0.038868
0 0.793667 0.299623 0.013500 0.038868
0 0.678404 0.298943 0.013642 0.038868
0 0.563167 0.299094 0.013833 0.039799
0 0.447938 0.299308 0.014292 0.038868
0 0.332400 0.302119 0.013633 0.038780
8 0.345229 0.383528 0.016992 0.008566
8 0.691175 0.383535 0.016983 0.008327
8 0.710558 0.344465 0.016983 0.008327
8 0.691308 0.344717 0.016983 0.008327
8 0.673958 0.344969 0.015250 0.008327
8 0.359167 0.308453 0.033667 0.044654
8 0.474167 0.305220 0.033667 0.044654
8 0.590442 0.303786 0.033667 0.044654
8 0.703533 0.303786 0.033667 0.044654
8 0.820125 0.303308 0.033667 0.044654
8 0.895004 0.236459 0.012658 0.009975
1 0.815113 0.357547 0.012442 0.015220
1 0.798304 0.396201 0.012225 0.015597
1 0.889487 0.288233 0.012025 0.015736
1 0.903921 0.288535 0.012158 0.015384
1 0.918338 0.288849 0.011992 0.014931
1 0.889550 0.248679 0.012400 0.015597
1 0.904217 0.248805 0.012067 0.015597
1 0.918300 0.248994 0.012233 0.015472
2 0.374604 0.259767 0.026625 0.054050
2 0.489946 0.259748 0.025942 0.054038
2 0.605000 0.259604 0.025833 0.054050
2 0.720046 0.259509 0.026258 0.054038
2 0.835812 0.259245 0.025942 0.054038
1 0.798283 0.357396 0.012267 0.015597
3 0.929238 0.343428 0.027025 0.054453
4 0.797833 0.452113 0.016617 0.019245
4 0.682375 0.452113 0.016617 0.019245
4 0.567108 0.452113 0.016617 0.019245
4 0.902900 0.423522 0.009467 0.017836
4 0.902525 0.452264 0.016617 0.019245
1 0.780117 0.357396 0.012267 0.015597
1 0.682842 0.396220 0.012483 0.015836
