1 0.818889 0.177948 0.012555 0.015675
0 0.332175 0.298485 0.014777 0.040220
0 0.452944 0.298223 0.014530 0.040220
0 0.574269 0.254587 0.014767 0.040220
0 0.695484 0.254504 0.014767 0.040220
0 0.814183 0.298464 0.014311 0.039711
1 0.336182 0.367328 0.013352 0.015675
1 0.457507 0.368416 0.013001 0.015675
1 0.558808 0.331956 0.013058 0.015675
1 0.578751 0.321074 0.012868 0.015675
1 0.679891 0.331784 0.013343 0.015083
1 0.700285 0.320744 0.012915 0.015675
2 0.492165 0.236736 0.028585 0.054628
2 0.613732 0.236391 0.027616 0.053939
2 0.734734 0.236736 0.028594 0.054628
2 0.853457 0.236563 0.027369 0.053595
2 0.370442 0.236639 0.027778 0.053994
6 0.646154 0.387404 0.014435 0.059628
4 0.699734 0.412280 0.016866 0.022355
6 0.525480 0.387417 0.014435 0.059628
4 0.456448 0.412266 0.016866 0.022355
4 0.335043 0.410888 0.016866 0.022355
4 0.456648 0.247610 0.010161 0.040950
4 0.335518 0.247927 0.010161 0.040950
4 0.577844 0.205117 0.010161 0.040950
4 0.698765 0.204428 0.010161 0.040950
4 0.818262 0.247238 0.010161 0.040950
4 0.817787 0.335275 0.010161 0.019532
4 0.699326 0.290055 0.010161 0.019532
4 0.577721 0.289311 0.010161 0.019532
4 0.456382 0.334876 0.010161 0.019532
4 0.335708 0.334394 0.010161 0.019532
6 0.792944 0.255269 0.014435 0.059628
7 0.149126 0.411584 0.251035 0.600413
8 0.603267 0.258747 0.037911 0.047521
8 0.481211 0.301860 0.036059 0.048898
8 0.358932 0.302865 0.036059 0.048898
8 0.722683 0.262727 0.036059 0.048898
8 0.841838 0.305344 0.036059 0.048898
