7 0.125135 0.458157 0.250270 0.711093
4 0.936099 0.353336 0.018319 0.033034
4 0.935698 0.240302 0.018319 0.033034
4 0.812421 0.351966 0.018319 0.033034
4 0.812201 0.241721 0.018311 0.033034
4 0.688508 0.241427 0.018311 0.033034
4 0.688508 0.353605 0.018311 0.033018
4 0.564792 0.354038 0.018311 0.033034
4 0.564653 0.238589 0.018311 0.033034
4 0.438331 0.352406 0.018311 0.033034
4 0.438107 0.241150 0.018311 0.033034
6 0.314823 0.300367 0.034981 0.115253
4 0.565359 0.491011 0.018319 0.033018
4 0.688670 0.490587 0.018311 0.033018
4 0.812587 0.490587 0.018311 0.033018
4 0.936503 0.490587 0.018311 0.033018
3 0.404618 0.371517 0.028389 0.083719
0 0.809002 0.300579 0.014904 0.058287
0 0.932564 0.300196 0.014904 0.059641
0 0.438743 0.299984 0.024225 0.058401
1 0.439360 0.415171 0.013030 0.022838
1 0.439522 0.459225 0.013045 0.022822
2 0.404796 0.218630 0.027618 0.080946
0 0.561415 0.299829 0.014904 0.058287
0 0.684742 0.299307 0.014911 0.058287
8 0.466037 0.463148 0.039861 0.033246
8 0.466068 0.418972 0.039800 0.042153
8 0.968088 0.321085 0.036438 0.073426
8 0.844017 0.319861 0.036438 0.073426
8 0.720817 0.319861 0.036438 0.073426
8 0.596746 0.321085 0.036438 0.073426
8 0.467764 0.260498 0.036438 0.073426
