8 0.365445 0.641771 0.059495 0.025573
1 0.775595 0.679792 0.050877 0.045833
1 0.272867 0.782148 0.050877 0.045833
1 0.335859 0.679792 0.050877 0.045833
1 0.272266 0.679792 0.052103 0.045833
1 0.210469 0.680469 0.052139 0.045833
0 0.754994 0.406823 0.059411 0.119427
0 0.252867 0.407507 0.059411 0.119414
8 0.237698 0.641283 0.056430 0.025586
8 0.302770 0.743919 0.058161 0.025573
8 0.804591 0.741784 0.060288 0.025573
8 0.301466 0.642253 0.056442 0.025573
2 0.939123 0.329401 0.113870 0.167969
1 0.837374 0.679792 0.050877 0.045833
2 0.435156 0.330729 0.113870 0.167969
1 0.711388 0.679792 0.050877 0.045833
5 0.363011 0.917526 0.067969 0.071849
5 0.864597 0.917813 0.067969 0.071849
1 0.774381 0.782148 0.050877 0.045833
8 0.866707 0.641263 0.060288 0.025573
8 0.803636 0.642070 0.060276 0.025573
8 0.738347 0.641667 0.060276 0.025573
4 0.268762 0.931191 0.077716 0.061862
4 0.770817 0.932839 0.077716 0.061849
8 0.874183 0.423828 0.150529 0.135234
8 0.369519 0.423978 0.150529 0.135221
