8 0.623789 0.560043 0.091016 0.036719
8 0.522021 0.560738 0.090996 0.036719
5 0.142979 0.406389 0.110449 0.095799
5 0.145547 0.509132 0.110430 0.095799
5 0.921230 0.289957 0.110430 0.095816
5 0.921230 0.391415 0.110430 0.095816
5 0.918662 0.494158 0.110449 0.095816
5 0.921230 0.598177 0.110430 0.095799
4 0.474316 0.121016 0.074414 0.155191
2 0.721797 0.157196 0.176562 0.213906
0 0.481719 0.319974 0.152070 0.157205
1 0.579785 0.765469 0.080547 0.059722
1 0.481025 0.765122 0.079355 0.059687
1 0.381758 0.764219 0.080547 0.060104
1 0.579258 0.611285 0.080547 0.059722
1 0.481045 0.611319 0.080488 0.058854
1 0.383096 0.612066 0.078340 0.058854
5 0.144170 0.301406 0.110449 0.095799
5 0.145547 0.607309 0.110430 0.095799
4 0.471758 0.458880 0.069375 0.068351
4 0.470088 0.933116 0.125254 0.088663
8 0.635449 0.442986 0.249414 0.169931
8 0.523574 0.715408 0.091016 0.036719
8 0.427246 0.716102 0.091016 0.036719
8 0.423359 0.561432 0.091016 0.036719
8 0.624141 0.714401 0.091016 0.036719
