8 0.737126 0.410166 0.025368 0.372285
6 0.370837 0.882832 0.038795 0.186719
4 0.847031 0.413613 0.028348 0.131758
4 0.847031 0.697900 0.028348 0.056465
4 0.518265 0.554063 0.028337 0.056484
4 0.180357 0.555156 0.028348 0.056484
4 0.181674 0.270957 0.038795 0.122773
4 0.519570 0.281201 0.038806 0.134277
6 0.034247 0.880547 0.038806 0.186719
6 0.775915 0.434189 0.038795 0.186699
8 0.584202 0.456572 0.096596 0.140879
8 0.914224 0.598301 0.096596 0.140859
8 0.245653 0.454961 0.096596 0.140859
8 0.141066 0.483125 0.025368 0.372266
8 0.476936 0.470996 0.025368 0.388086
8 0.420424 0.639453 0.021138 0.128867
8 0.084609 0.646660 0.021138 0.128867
4 0.517483 0.964844 0.048292 0.066289
4 0.182455 0.964043 0.048304 0.066289
2 0.945262 0.374229 0.074609 0.180410
2 0.616350 0.374229 0.074621 0.180410
2 0.279587 0.375029 0.074621 0.180410
0 0.835296 0.580410 0.040212 0.132305
0 0.507383 0.432646 0.038203 0.132285
0 0.171540 0.435508 0.039286 0.132305
1 0.849074 0.177842 0.035201 0.048223
1 0.520608 0.656357 0.034297 0.049902
1 0.464163 0.690723 0.033281 0.049922
1 0.183862 0.654639 0.034241 0.049902
1 0.127868 0.692441 0.034308 0.049922
