8 0.107092 0.193862 0.020972 0.387723
8 0.358759 0.191964 0.020972 0.383929
8 0.615404 0.197746 0.020964 0.387723
1 0.140017 0.362210 0.026823 0.112366
1 0.901467 0.362210 0.026823 0.112366
1 0.647361 0.357746 0.026823 0.112366
1 0.392839 0.361004 0.026823 0.112366
4 0.644857 0.107567 0.021068 0.132098
4 0.391354 0.113571 0.021059 0.132054
4 0.136688 0.104487 0.021068 0.132098
4 0.898364 0.113571 0.021068 0.132054
8 0.869054 0.195201 0.020972 0.387723
4 0.136068 0.695982 0.040017 0.158036
4 0.392214 0.690804 0.040017 0.158036
4 0.645859 0.698482 0.040017 0.158036
4 0.899514 0.693348 0.040017 0.158036
