1 0.309414 0.242906 0.023385 0.094938
6 0.216120 0.632437 0.025677 0.343875
6 0.428171 0.626281 0.025690 0.332437
8 0.282500 0.132312 0.013620 0.264625
8 0.070794 0.267000 0.014193 0.532750
0 0.089746 0.103656 0.024961 0.207313
0 0.726790 0.104281 0.024961 0.208562
0 0.938327 0.105594 0.024961 0.211188
8 0.495143 0.147500 0.013620 0.295000
8 0.707207 0.260500 0.014206 0.521000
8 0.918275 0.263969 0.013971 0.527937
4 0.943984 0.751656 0.029948 0.120813
4 0.732624 0.750469 0.029961 0.120813
4 0.521426 0.756312 0.029961 0.120750
4 0.733053 0.309969 0.022174 0.113813
4 0.945098 0.301500 0.022174 0.113875
4 0.096960 0.295875 0.022174 0.113875
4 0.309577 0.053031 0.022174 0.106062
4 0.520423 0.055844 0.016367 0.111688
4 0.308874 0.756312 0.029961 0.120750
4 0.097174 0.754625 0.029948 0.120750
8 0.977734 0.124906 0.044531 0.249812
8 0.777871 0.127781 0.069023 0.255563
8 0.142598 0.133187 0.069023 0.261375
1 0.945195 0.491844 0.023385 0.094938
1 0.734648 0.496844 0.023385 0.094937
1 0.522031 0.262844 0.023385 0.094937
1 0.098854 0.514406 0.023385 0.094938
