4 0.269859 0.413403 0.045031 0.128056
4 0.778156 0.939462 0.081187 0.066285
4 0.272375 0.938264 0.081188 0.066319
8 0.375422 0.593368 0.154656 0.143194
8 0.879109 0.592240 0.154656 0.143160
8 0.210047 0.635729 0.038656 0.313819
8 0.716953 0.635278 0.038656 0.321111
2 0.926031 0.372517 0.116000 0.176979
2 0.416531 0.371580 0.116000 0.176979
0 0.762109 0.570104 0.061844 0.127153
0 0.253391 0.573472 0.061844 0.127153
1 0.780656 0.783490 0.056125 0.052743
1 0.271906 0.783507 0.056125 0.052708
4 0.781516 0.412257 0.045031 0.130347
4 0.269859 0.686302 0.045031 0.052882
4 0.777391 0.684010 0.045031 0.052882
