1 0.224717 0.257305 0.037422 0.124141
1 0.464995 0.257305 0.037432 0.124141
1 0.516855 0.253848 0.037422 0.124102
1 0.516855 0.523516 0.037422 0.124141
1 0.568711 0.253848 0.037422 0.124102
1 0.821953 0.250391 0.037422 0.124141
8 0.950908 0.146738 0.049199 0.085195
8 0.900059 0.418535 0.049199 0.085195
4 0.168086 0.917285 0.053457 0.161992
1 0.874678 0.253848 0.037422 0.124102
1 0.926533 0.253848 0.037422 0.124102
8 0.248643 0.148047 0.049199 0.085156
8 0.143145 0.150488 0.049199 0.085195
1 0.874678 0.523516 0.037422 0.124141
8 0.195488 0.148398 0.049199 0.085156
5 0.236523 0.882969 0.045703 0.199688
5 0.580005 0.885312 0.046826 0.195000
5 0.939253 0.882988 0.046826 0.194961
8 0.196787 0.418203 0.049199 0.085156
4 0.511797 0.921895 0.053457 0.156211
8 0.592666 0.149336 0.049199 0.085156
8 0.539414 0.147832 0.049199 0.085195
8 0.487295 0.150840 0.049199 0.085195
8 0.541289 0.420840 0.049199 0.085195
8 0.847852 0.146738 0.049199 0.085195
8 0.899155 0.146738 0.049189 0.085195
4 0.872520 0.919727 0.053457 0.160547
1 0.120137 0.260762 0.037422 0.124102
1 0.172861 0.526953 0.037422 0.124141
1 0.172861 0.257305 0.037422 0.124141
