1 0.816768 0.353594 0.034361 0.104167
5 0.249411 0.891016 0.047770 0.175260
5 0.584112 0.888047 0.047770 0.166615
5 0.918224 0.892370 0.047756 0.166615
8 0.252876 0.265417 0.041690 0.064167
8 0.209893 0.261771 0.041690 0.064167
8 0.167514 0.263542 0.041705 0.064167
8 0.210376 0.519583 0.041690 0.064167
8 0.545312 0.493490 0.041705 0.064167
8 0.585795 0.264323 0.041705 0.064167
8 0.501051 0.261719 0.037045 0.064167
8 0.543111 0.262760 0.037926 0.064167
8 0.878651 0.493385 0.041705 0.064167
8 0.919844 0.262135 0.041705 0.064167
8 0.877557 0.261615 0.038636 0.064167
8 0.834723 0.262656 0.038224 0.064167
4 0.186662 0.922526 0.048352 0.141823
4 0.522315 0.922526 0.048352 0.141823
4 0.855696 0.915026 0.048352 0.141823
1 0.524609 0.580208 0.034361 0.104167
1 0.857386 0.353594 0.034347 0.104167
1 0.858253 0.581771 0.034347 0.104167
1 0.900604 0.350417 0.034361 0.104167
1 0.566122 0.350417 0.034347 0.104167
1 0.523764 0.350417 0.034347 0.104167
1 0.482280 0.347240 0.034361 0.104167
1 0.148658 0.353594 0.034361 0.104167
1 0.190149 0.353594 0.034361 0.104167
1 0.232500 0.353594 0.034347 0.104167
1 0.190149 0.607135 0.034361 0.104167
