1 0.234226 0.755742 0.034361 0.156172
8 0.208494 0.958594 0.044659 0.082812
8 0.258281 0.618359 0.045085 0.096250
8 0.208750 0.618359 0.042727 0.096250
8 0.159389 0.619687 0.041705 0.096250
1 0.890213 0.755742 0.036051 0.156172
1 0.840511 0.755742 0.035170 0.156172
1 0.791705 0.755742 0.034347 0.156172
1 0.458082 0.755742 0.034347 0.156172
1 0.555746 0.755742 0.034361 0.156172
8 0.479460 0.623047 0.043352 0.096250
1 0.506484 0.755742 0.034361 0.156172
1 0.137393 0.750898 0.036009 0.156016
1 0.186690 0.755742 0.034347 0.156172
8 0.862876 0.964687 0.044702 0.070625
8 0.911527 0.623594 0.043707 0.096250
8 0.862734 0.623594 0.043281 0.096250
8 0.813445 0.625156 0.043281 0.096250
8 0.529574 0.963711 0.047102 0.072578
8 0.578168 0.623984 0.045085 0.096250
8 0.529105 0.620234 0.043778 0.096250
