8 0.725490 0.120156 0.053906 0.040092
8 0.788807 0.273658 0.053920 0.040074
8 0.724687 0.273658 0.053920 0.040074
8 0.789602 0.120156 0.053920 0.040092
8 0.855724 0.119632 0.053920 0.040074
8 0.855739 0.274173 0.053920 0.040074
8 0.239332 0.541627 0.073920 0.040092
8 0.319581 0.541535 0.073935 0.040092
8 0.400050 0.543934 0.073935 0.040074
8 0.323118 0.693015 0.073935 0.040074
8 0.870000 0.840193 0.164119 0.172960
8 0.387983 0.392767 0.164119 0.172960
4 0.761385 0.962675 0.076918 0.074651
4 0.282138 0.959972 0.076918 0.076011
5 0.367656 0.945460 0.079460 0.097684
4 0.761101 0.529504 0.047770 0.143199
4 0.762869 0.852601 0.047756 0.058805
3 0.879276 0.535202 0.114744 0.204963
1 0.700497 0.170588 0.052699 0.059191
1 0.765156 0.169770 0.054432 0.058401
1 0.829936 0.169761 0.054446 0.058419
1 0.829936 0.324403 0.054446 0.058401
1 0.764879 0.324403 0.054446 0.058401
1 0.701151 0.324403 0.054432 0.058401
1 0.361250 0.594154 0.054432 0.058419
1 0.285575 0.594154 0.054446 0.058419
1 0.203253 0.592445 0.054432 0.058419
1 0.286903 0.743640 0.054432 0.058419
2 0.456200 0.212206 0.118168 0.207904
0 0.266314 0.368566 0.059702 0.149485
0 0.766847 0.715248 0.107500 0.151121
