8 0.302921 0.351426 0.056418 0.081133
8 0.740974 0.041543 0.056418 0.081133
8 0.803678 0.046230 0.056418 0.081133
8 0.867812 0.045293 0.058125 0.081133
8 0.803948 0.351426 0.058690 0.081133
8 0.302055 0.046230 0.056418 0.081133
8 0.365180 0.044355 0.059591 0.081133
1 0.272704 0.467168 0.052428 0.142227
1 0.210018 0.159551 0.048954 0.142227
1 0.273119 0.159551 0.052440 0.142227
1 0.336214 0.160859 0.052428 0.139219
1 0.713924 0.159551 0.052440 0.142227
1 0.775276 0.465723 0.052428 0.142227
1 0.776142 0.162363 0.052428 0.142227
1 0.838377 0.159551 0.052428 0.142227
5 0.362716 0.870645 0.067115 0.229805
5 0.864483 0.874355 0.067115 0.229805
8 0.238714 0.047676 0.056418 0.081133
4 0.771208 0.914687 0.068305 0.170625
4 0.268227 0.912734 0.068305 0.174531
