5 0.865649 0.865586 0.071058 0.216797
8 0.736310 0.040391 0.063437 0.067500
8 0.809147 0.038047 0.066803 0.067500
8 0.882584 0.039609 0.064639 0.067500
8 0.809387 0.342734 0.065841 0.067500
8 0.308269 0.041953 0.056490 0.067500
8 0.371382 0.039609 0.058678 0.067500
8 0.308750 0.347422 0.056490 0.067500
8 0.245962 0.037969 0.056490 0.067500
4 0.773726 0.907109 0.076346 0.184688
4 0.276719 0.907656 0.076370 0.184688
1 0.847885 0.159531 0.051731 0.138281
1 0.279171 0.460078 0.051707 0.138281
1 0.341394 0.162344 0.051731 0.138281
1 0.280036 0.159531 0.051707 0.138281
1 0.217800 0.159531 0.051707 0.138281
1 0.775276 0.159531 0.051707 0.138281
1 0.703233 0.158203 0.051707 0.138281
1 0.775264 0.462812 0.052356 0.152500
5 0.369038 0.865039 0.071058 0.216797
