1 0.860435 0.291312 0.054799 0.124875
8 0.210480 0.182812 0.072344 0.077000
4 0.780480 0.929688 0.074665 0.140625
4 0.254208 0.927875 0.074665 0.144250
8 0.745569 0.461531 0.072344 0.076938
8 0.817958 0.458625 0.072344 0.077000
8 0.894777 0.457156 0.072366 0.076938
8 0.896083 0.186625 0.072344 0.077000
8 0.817958 0.185906 0.072344 0.076937
8 0.744587 0.186625 0.068862 0.077000
8 0.294074 0.185969 0.072344 0.076937
1 0.176317 0.293812 0.055670 0.125000
1 0.260156 0.288969 0.055670 0.124937
8 0.371685 0.185969 0.072344 0.076937
8 0.295190 0.479969 0.072344 0.076938
5 0.353962 0.897781 0.075067 0.199937
5 0.560748 0.106156 0.075067 0.199937
1 0.334487 0.291406 0.055670 0.124937
1 0.258482 0.587688 0.054018 0.127125
1 0.711775 0.293812 0.054799 0.125000
1 0.712143 0.567281 0.055625 0.124938
1 0.783471 0.288906 0.054888 0.129688
1 0.783471 0.566188 0.054888 0.127625
1 0.859989 0.564969 0.055692 0.130063
