8 0.378109 0.488772 0.159406 0.208170
4 0.273898 0.916071 0.066984 0.076473
4 0.760102 0.915558 0.066984 0.076473
8 0.214008 0.549687 0.036141 0.425714
2 0.414633 0.217076 0.108234 0.214777
2 0.900867 0.216217 0.108891 0.213058
0 0.257570 0.461674 0.054516 0.152455
1 0.762617 0.738940 0.050109 0.058683
1 0.277445 0.738426 0.050109 0.058683
4 0.758922 0.600391 0.044750 0.073058
4 0.758922 0.264777 0.057531 0.173527
4 0.272281 0.600391 0.043156 0.073058
4 0.269883 0.268192 0.051141 0.162098
0 0.744039 0.463058 0.054516 0.156473
8 0.863203 0.475145 0.159406 0.208192
8 0.699320 0.543828 0.036141 0.425737
